45179
43338
41578
40153
39049
38025
37385
36873
36776
36696
36712
36953
37017
37113
37161
37321
37401
37337
37321
37193
36937
36552
36088
35736
34904
34264
33720
33160
32551
32023
31575
31287
31191
31159
31255
31255
31175
31111
31079
31223
31271
31495
31735
32071
32183
32199
32071
31847
31527
31543
31719
32343
33464
35336
37897
40857
43850
46875
49772
52316
54285
55757
56781
57069
56781
55901
54653
53052
51340
49244
47115
44906
42858
40953
39241
37465
36136
35176
34376
34104
34008
34136
34344
34600
34728
34952
35304
35560
35816
35944
35848
35544
35320
34968
34584
34296
34024
33928
33336
32920
32359
31815
31319
30871
30407
30231
30135
30023
30007
29927
29911
29911
29799
29751
29783
29719
29639
29639
29735
29863
29975
30423
31319
32936
35096
37817
40953
44202
47371
50204
52556
54221
55437
55965
55981
55533
54669
53485
52060
50428
48667
46859
44970
43146
41242
39705
38281
37257
36424
35784
35496
35432
35608
35976
36376
36808
37289
37817
38329
38953
39449
39785
39977
40073
40009
39785
39641
39385
39193
38969
38713
38473
38345
38329
38329
38265
38089
38153
38121
38201
38473
38601
38825
39065
39337
39513
39817
40073
40361
41018
42410
44522
47131
49932
52844
55437
57550
58638
58606
58654
58606
58654
58638
58622
58638
57229
55469
53581
51644
49708
47803
45931
44266
42602
41114
40025
39017
38281
37897
37865
37817
37849
37945
38121
38249
38569
38553
38473
38249
37945
37657
37097
36552
35816
35288
34600
34056
33496
33272
32487
32199
31991
31767
31687
31559
31559
31623
31655
31655
31671
31767
31751
31799
31847
31927
32167
32824
33992
35800
38233
41050
44218
47515
50572
53293
55469
57085
57838
58142
57934
57406
56541
55229
53645
52044
50412
48731
46923
45099
43274
41578
40121
38825
37641
36824
36264
35912
35784
35816
35784
35816
35912
35960
36056
36216
36168
36184
36072
35768
35400
35160
34760
34472
33992
33576
33256
32824
32503
32183
31847
31527
31431
31255
31143
31143
31111
30919
30935
30983
31015
31047
30999
30887
30647
30487
30407
30679
31319
32695
34760
37561
40729
44010
47419
50220
52556
54253
55405
55997
55965
55325
54221
52892
51276
49676
48011
46187
44250
42442
40841
39305
37817
36488
35352
34488
33928
33512
33368
33400
33576
33816
34312
34760
35128
35336
35304
35288
35144
35080
34984
34968
34664
34344
33992
33800
33576
33352
33208
32904
32824
32647
32407
32295
32311
32311
32359
32519
32792
32920
33032
33096
33304
33448
33704
33832
33880
33944
33880
34104
34696
35848
37689
40137
42906
46091
49260
52284
55117
57149
58526
58638
58670
58654
58686
57662
56493
55149
53597
52108
50636
49083
47563
46043
44554
43066
41866
40970
40505
40201
40105
40073
40249
40457
40713
40937
40953
40953
40953
40777
40585
40281
39881
39513
39049
38553
38105
37785
37401
37033
36632
36376
36056
35800
35624
35576
35544
35560
35592
35608
35720
35848
35896
35992
36120
36296
36296
36264
36184
36168
36200
36504
37353
38665
40601
42906
45723
48779
51724
54237
56573
58014
58670
58638
58606
58638
58062
57181
55757
54125
52460
50748
48923
47243
45595
43914
42554
41482
40601
39881
39481
39161
39097
39193
39273
39353
39513
39449
39449
39449
39273
38921
38409
37849
37193
36632
35960
35176
34472
33864
33208
32679
32487
32231
31927
31783
31687
31511
31463
31319
31367
31527
31719
31943
32199
32439
32679
32952
33304
33576
33768
33928
34184
34408
34600
34648
34776
34904
34952
34904
35048
35112
35240
35208
35160
35368
35464
35400
35464
35416
35400
35368
35320
35368
35640
36440
38057
40409
43274
46795
50764
54573
57998
58702
58670
58654
58606
