39897
39849
39753
39705
39593
39497
39385
39433
39497
39593
39705
39705
39721
39817
39769
39817
39881
39721
39769
39721
39737
39657
39609
39529
39577
39449
39513
39609
39721
39785
39817
39721
39865
39913
39897
39849
39945
40009
40153
40329
40585
40841
41034
41578
42042
42410
42714
42938
43018
43018
42842
42666
42458
42282
41994
41770
41482
41274
40953
40857
40761
40553
40329
40201
40121
39865
39881
39673
39577
39529
39529
39593
39609
39705
39769
39881
39961
39993
39881
39817
39817
39753
39721
39737
39689
39609
39529
39449
39513
39561
39529
39577
39433
39401
39385
39433
39241
39177
39209
39593
39337
39337
39353
39401
39305
39353
39369
39657
39433
39497
39625
39625
39529
39577
39689
39673
39865
39865
39977
39929
40009
39945
39849
39881
39849
39849
39913
39945
39897
40121
40345
40713
41130
41434
41674
41882
41962
42026
42026
42090
41898
41866
41850
41754
41578
41482
41402
41258
41114
41018
40953
40953
40745
40521
40297
40121
40073
40073
40121
40073
40025
40089
40057
39977
39833
39753
39801
39737
39769
39785
39753
39705
39593
39529
39529
39465
39337
39337
39305
39241
39225
39193
39241
39257
39257
39337
39401
39449
39401
39369
39321
39177
39081
39049
38969
39065
39097
39017
38969
39001
39145
39209
39257
39145
39113
39113
39177
39337
39321
39385
39481
39561
39753
39849
39897
40025
40089
40249
40441
40633
40953
41178
41642
42122
42266
42362
42298
42250
42266
42154
41930
41930
41674
41386
41130
40953
40937
40649
40425
40393
40329
40169
40137
39961
39833
39769
39593
39513
39449
39401
39513
39689
39865
39961
40089
40233
40297
40201
40249
40169
39961
39865
39673
39513
39305
39193
39049
39001
39177
39241
39241
39321
39353
39209
39193
39113
39049
39081
39193
39257
39401
39513
39625
39641
39609
39721
39817
39753
39657
39609
39577
39625
39689
39849
39881
39961
40073
40137
40265
40281
40345
40121
40297
40329
40345
40281
40489
40873
41066
41210
41626
41994
42250
42506
42682
42730
42762
42586
42426
42202
42090
41946
41706
41450
41114
40953
40617
40217
39865
39625
39337
39097
38793
38457
38297
38217
38217
38169
38169
38185
38297
38425
38537
38617
38825
39049
39177
39305
39433
39481
39449
39401
39257
39001
38889
38857
38873
38921
38921
38985
38985
38857
38665
38681
38761
38841
38985
39001
38985
39001
38905
38857
38825
38841
38841
38825
38793
38713
38857
38937
38793
38777
38825
38841
38873
39273
39177
39321
39465
39465
39449
39433
39577
39625
39657
39721
39897
40281
40681
41018
41514
41546
41770
41882
42010
42058
41994
41930
41786
41578
41194
40953
40761
40489
40233
40009
39817
39721
39625
39449
39321
39193
39129
39177
39177
39161
39161
39145
39129
39241
39321
39369
39401
39593
39849
39865
39785
39913
39817
39833
39913
39913
39881
39945
39833
39753
39785
39657
39721
39769
39785
39721
39641
39673
39609
39513
39577
39593
39689
39913
39817
39865
39961
40009
40009
40089
40041
40073
40153
40201
40169
39993
39945
39977
39881
39849
39849
39913
39769
39849
39977
40041
40041
39817
39865
40057
40393
40745
40953
41162
41450
41690
42042
42042
42074
41946
41914
41802
41562
41418
41274
41098
40937
40809
40553
40329
40041
39785
39465
39081
38793
38681
38697
38665
38601
38617
38809
38889
38985
38985
39129
39177
39225
39337
39449
39449
39593
39513
39481
39433
39337
39193
39033
39097
39081
39081
39177
39225
39385
39497
39401
39353
39241
39177
39209
39273
39305
39289
39369
39401
39513
39465
39593
39657
39657
39673
39689
39705
39705
39657
39561
39561
39545
39513
39577
39513
39513
39545
39577
39577
39641
39737
39785
39945
40233
40393
40809
40970
41290
41562
41738
41962
42122
42026
41994
41818
41674
41514
41258
41226
41050
40953
40937
40857
40585
40409
40329
40201
40089
39785
40041
39977
39913
39881
39881
39849
39945
40169
40041
39993
40121
40041
40121
40281
40297
40185
40073
39977
39945
40009
39961
39881
39721
39625
39657
39593
39481
39449
39353
39449
39385
39561
39577
39593
39433
39321
39161
39017
38953
39001
38985
39049
39209
39257
39225
39193
39257
39497
39641
39753
39785
39737
39833
39865
39897
39865
39801
39849
39769
39849
39977
40281
40649
40953
41226
41626
41898
42202
42250
42378
42202
42026
41882
41738
41514
41098
40953
40761
40521
40329
40281
40329
40153
40057
39961
39977
39817
39593
39433
39369
39449
39449
39497
39593
39657
39593
39641
39689
39641
39737
39753
39705
39593
39497
39561
39497
39433
39273
39193
39129
38937
39065
39209
39097
39177
39113
39161
39129
39225
39241
39353
39465
39449
39305
39273
39257
39241
39305
39209
39225
39337
39337
39353
39465
39561
39529
39433
39369
39369
39209
39417
39433
39529
39577
39513
39657
39913
40377
40745
41114
41578
41834
42042
42090
42058
42042
41946
41914
41738
41578
41482
41258
41098
40970
40921
40713
40585
40505
40265
40201
40041
39961
39753
39689
39529
39497
39641
39801
39897
39849
39865
39913
40009
40121
40105
40153
39993
39913
39881
39865
39881
39769
39593
39481
39321
39289
39337
39401
39433
39401
39353
39193
39129
39113
39065
39113
39177
39225
39337
39225
39161
39177
39113
39193
39241
39081
39113
39305
39465
39625
39529
39513
39401
39529
39577
39657
39721
39753
39737
39817
39817
39849
39961
40249
40649
41002
41258
41450
41498
41434
41322
41258
41322
41258
41034
40986
40953
40953
40713
40617
40457
40473
40425
40377
40297
39977
39817
39641
39529
39561
39625
39753
39785
39897
39993
39913
40009
39993
40073
40025
40025
40025
39897
39689
39529
39449
39337
39353
39305
39241
39177
39145
39209
39273
39273
39177
39145
39129
39065
39065
39017
39017
39065
39129
39129
39289
39449
39433
39465
39449
39465
39449
39369
39433
39433
39369
39321
39433
39497
39529
39481
39497
39433
39385
39513
39401
39641
39881
40233
40681
40953
41098
41402
41802
42138
42218
42202
42170
42122
42010
41802
41626
41386
41114
40937
40793
40553
40217
40041
39785
39577
39449
39337
39401
39449
39465
39369
39369
39337
39529
39657
39785
39785
39865
39833
39849
39833
39785
39817
39753
39577
39465
39353
39273
39305
39273
39257
39177
39305
39337
39369
39369
39353
39273
39177
39145
38873
38873
38969
38889
38889
39017
39129
39209
39193
39113
39129
39145
39305
39337
39497
39593
39673
39625
39737
39817
39721
39721
39721
39689
39689
39625
39657
39785
40121
40377
40681
40953
41226
41434
41578
41898
42042
42026
42058
42042
41946
41770
41546
41434
41354
41178
40953
40841
40633
40425
40105
39881
39641
39577
39641
39609
39545
39497
39561
39689
39785
39753
39657
39593
39609
39689
39737
39817
39865
39913
39865
39801
39721
39625
39513
39385
39321
39337
39257
39113
39065
39001
39001
38937
38761
38825
38921
39049
39113
39241
39225
39305
39353
39433
39385
39401
39401
39593
39737
39641
39577
39465
39433
39449
39497
39513
39497
39497
39529
39529
39577
39449
39561
39449
39529
39657
39913
40217
40489
40873
40970
41290
41626
41914
42186
42186
42074
41930
41802
41610
41434
41306
41130
40953
40921
40777
40665
40585
40425
40233
40137
40041
40025
39913
39897
39737
39657
39593
39721
39785
39913
39961
40009
39897
39929
39993
39865
39881
39753
39705
39593
39433
39369
39321
39225
39225
39065
38921
38857
38953
39033
38969
39033
39225
39225
39273
39433
39513
39561
39641
39561
39433
39465
39449
39497
39673
39705
39769
39865
39817
39769
39817
39785
39881
40009
40009
39913
39897
39833
39833
39833
40009
40137
40265
40569
40953
41514
42266
43034
43850
44746
45387
45835
46107
46411
46731
47003
47179
47323
47483
47963
48395
49067
49788
50636
51308
51980
52428
52652
52812
52572
52140
51388
50668
50028
49484
49051
48571
48235
48203
48219
48411
48523
48491
48363
48091
47755
47419
47035
46507
45979
45275
44490
43626
42730
41818
40953
40153
39241
38473
37561
36905
36232
35432
34856
34200
33624
33160
32856
32503
32039
31687
31335
30983
30727
30535
30487
30439
30407
30359
30407
30359
30311
30199
29991
29927
29943
30039
30215
30583
30855
31239
31687
32215
32936
33608
34504
35464
36440
37305
38121
38937
39577
40201
40585
40905
40953
40953
40857
40649
40361
40217
39977
39737
39257
38921
38537
37977
37897
37897
37961
38073
38233
38409
38505
38505
38505
38665
38713
38809
38841
38761
39049
39257
39241
39177
39017
38729
38345
38153
37977
37833
37593
37577
37433
37321
37193
37097
37033
36905
36696
36408
36264
36200
36280
36344
36392
36392
36456
36424
36520
36616
36520
36584
36744
37049
37385
37417
37657
37801
37961
38169
38425
38601
38729
38841
38985
39017
39177
39129
39097
39017
39209
39657
40153
40937
41610
42458
43290
44090
44682
45115
45451
45659
45771
45755
45435
45018
44538
43978
43386
42650
41850
40986
40393
39657
39049
38393
38105
37865
37721
37609
37513
37529
37833
38137
38345
38505
38697
38857
38969
39065
39273
39513
39577
39513
39529
39529
39689
39817
39945
39977
39897
39865
39865
39657
39481
39257
39097
38921
38793
38569
38393
38297
38169
38025
37993
37929
37897
37961
37993
38217
38345
38313
38281
38345
38505
38713
39001
39193
39401
39513
39561
39657
39609
39497
39513
39513
39593
39625
39753
39673
39753
39769
39817
39977
40361
40953
41658
42506
43226
43978
44762
45515
46187
46571
46763
46891
46843
46635
46315
45787
45323
44810
44266
43690
43050
42538
42202
41914
41562
41258
41002
40921
40745
40601
40217
39945
39945
39849
39945
40041
40169
40201
40089
40105
40009
39753
39545
39353
39273
39257
39177
39049
38745
38457
38201
37993
37657
37337
37033
36664
36424
36104
35880
35672
35512
35432
35544
35752
36008
36280
36568
36937
37321
37641
38041
38345
38313
38553
38825
39049
39193
39321
39481
39449
39369
39241
39177
39209
39353
39513
39513
39561
39481
39385
39401
39609
39897
40457
41098
41834
42602
43434
44218
44890
45259
45547
45899
46171
46363
46299
46059
45723
45323
44858
44378
43946
43530
43082
42634
42074
41690
41306
40953
40745
40409
40169
39881
39561
39465
39449
39689
39657
39657
39721
39769
39705
39513
39337
39193
39097
38985
38793
38425
37833
37449
37289
36969
36600
36312
36008
35816
35576
35208
34920
34760
34872
34968
34952
35080
35048
35048
35144
35256
35336
35400
35592
35736
35864
35992
36168
36424
36664
36873
36985
37033
37065
37273
37385
37481
37689
37993
38361
38825
39001
39177
39561
39817
40217
40521
40905
41226
41722
42122
42522
42826
43050
43082
43146
43194
43194
43034
42938
42986
42890
42874
42650
42410
42250
42058
41818
41498
41082
40953
40585
40425
40217
40089
40073
40153
40153
40361
40409
40409
40393
40505
40441
40441
40329
40185
40073
39993
40009
39897
39785
39657
39609
39561
39465
39433
39433
39321
39113
38857
38665
38361
38105
38057
37849
37769
37641
37545
37529
37513
37353
37289
37321
37545
37385
37513
37737
38041
38217
38457
38633
38713
38825
39097
39369
39337
39433
39433
39465
39577
39753
40153
40745
41178
42042
42698
43562
44122
44586
45002
45163
45371
45419
45275
45018
44634
44330
43898
43354
42874
42298
41482
40953
40473
39993
39497
39145
39017
38937
38937
39129
39241
39513
39769
40105
40441
40841
40986
41018
41066
41194
41322
41386
41386
41306
41242
41114
41018
40953
40761
40473
40169
39961
39753
39529
39385
39273
39049
38985
38873
38809
38905
38857
38953
38985
38953
38873
38665
38425
38281
38281
38345
38185
38169
38153
38105
37961
37929
37865
37865
37961
38105
38185
38345
38441
38537
38665
38889
39257
39769
40393
40953
41418
42090
42474
42858
43210
43562
43818
43802
43786
43642
43482
43226
43018
42714
42506
42090
41610
41178
40953
40649
40329
40009
39673
39321
39017
38857
38713
38617
38425
38361
38505
38665
38729
38729
38681
38617
38633
38585
38473
38585
38505
38441
38297
38393
38233
38089
37961
37849
37993
37993
38153
38249
38313
38457
38457
38409
38249
38105
38025
38025
38121
38281
38329
38361
38409
38425
38377
38313
38281
38361
38457
38585
38697
38697
38745
38841
38969
39113
39305
39481
39673
39929
40217
40393
40537
40841
41130
41530
42090
42522
43034
43498
43978
44426
44682
44842
44890
44810
44682
44842
44394
44250
44106
43930
43690
43434
43018
42730
42298
41770
41482
41290
41050
40953
40953
40937
40713
40537
40457
40329
40345
40393
40425
40409
40489
40537
40681
40457
40201
39881
39641
39385
39273
39097
39049
38905
38761
38681
38505
38313
38041
37993
37833
37721
37689
37577
37337
37145
37097
37065
37065
37065
37273
37545
37737
37897
37977
38041
38201
38281
38233
38249
38345
38377
38393
38249
38057
38041
38041
38153
38121
38105
38057
37993
38105
38249
38649
39049
39737
40457
41034
41930
42874
43610
44250
44842
45291
45579
45755
45787
45659
45499
45211
45034
44650
44234
43978
43530
43034
42570
42154
41610
41306
40953
40745
40489
40217
39945
39737
39641
39625
39753
39721
39945
40009
40121
40217
40137
40121
40121
39945
39833
39641
39449
39273
39049
38601
38249
37849
37625
37529
37337
37209
37017
36889
36808
36905
37001
37145
37177
37353
37465
37545
37513
37465
37529
37609
37609
37545
37705
37817
37801
37785
37961
38169
38457
38665
38857
38985
39049
39001
39065
38985
38873
38793
38761
38809
38953
39353
39833
40537
41290
42186
42970
43594
44042
44362
44490
44490
44410
44138
43882
43626
43162
42650
42250
41754
41370
40953
40553
40361
40105
39785
39545
39321
39257
39273
39305
39305
39321
39305
39305
39209
39257
39321
39337
39273
39129
39017
38921
38953
38809
38617
38329
37993
37545
37401
37273
37097
36873
36648
36392
36312
36376
36360
36440
36328
36360
36408
36504
36520
36632
36664
36728
36776
36840
36921
36856
36889
36889
36953
37209
37433
37673
38025
38281
38473
38665
39017
39225
39305
39497
39561
39497
39625
39913
40329
40857
41242
41738
42330
42954
43626
44426
44906
45291
45707
45995
46027
45899
45659
45547
45227
44906
44570
43946
43258
42602
42042
41546
41098
40921
40601
40153
39753
39385
39161
38985
39017
39129
39321
39465
39865
40153
40409
40569
40617
40585
40425
40233
39945
39529
39145
38953
38633
38361
38121
37945
37769
37625
37529
37289
37065
36969
36776
36664
36680
36696
36584
36584
36696
36905
37081
37401
37593
37769
37929
38073
38201
38313
38329
38489
38601
38649
38857
38873
38857
38761
38585
38537
38505
38729
39129
39641
40329
40953
41642
42522
43242
43818
44234
44666
44874
44970
44746
44394
43914
43482
43114
42650
42250
41674
41242
40953
40729
40393
40073
39833
39833
39945
40185
40345
40489
40585
40745
40953
40953
41066
41290
41482
41642
41690
41546
41290
40953
40633
40297
39993
39689
39337
39097
38793
38617
38505
38409
38281
38169
38169
38169
38041
37945
37849
37785
37785
37641
37641
37609
37545
37481
37497
37513
37545
37433
37337
37465
37689
37961
38041
37865
37801
38185
38617
39161
39849
40681
41642
42762
43706
44474
45163
45595
46027
46347
46507
46555
46363
46107
45611
45451
45083
44746
44362
43978
43322
42570
42010
41386
40953
40617
40105
39705
39513
39337
39081
39049
39177
39129
39177
39257
39193
39113
38921
38633
38377
38153
37833
37705
37561
37433
37337
37033
36792
36296
35896
35528
35432
35352
35208
35128
35096
35000
35048
34904
35000
35048
35432
35720
35896
36168
36440
36552
36696
36905
37049
37353
37673
37913
38089
38297
38361
38697
39017
39465
40105
40921
41658
42554
43290
43914
44490
45067
45515
45835
45963
45899
45595
45403
44778
44330
43818
43178
42554
41994
41402
40921
40457
40041
39657
39193
38873
38729
38841
38969
38969
39065
39209
39561
39817
40169
40505
40713
40681
40617
40377
40121
39689
39337
38953
38809
38681
38377
38153
38057
37913
37785
37609
37385
37209
37033
36937
36889
36824
36744
36648
36760
36840
36905
36953
37049
37113
37257
37513
37737
38009
38153
38441
38601
38729
38841
38857
38921
39017
39433
39897
40601
41274
41994
42602
43146
43530
44010
44394
44746
44762
44938
44890
44778
44522
44282
44010
43674
43386
43018
42650
42410
42138
41786
41642
41354
41066
40921
40681
40457
40041
39865
39721
39689
39625
39593
39593
39481
39385
39353
39305
39097
38761
38473
38185
37993
37849
37705
37689
37625
37449
37257
37001
36760
36760
36664
36504
36440
36440
36488
36520
36632
36744
36840
37049
37161
37321
37545
37689
37753
37737
37737
37929
37993
38185
38441
38681
38937
39209
39497
39705
39945
40137
40505
40953
41626
42314
43050
43834
44570
45243
45899
46267
46443
46539
46715
46683
46411
46027
45723
45179
44506
43786
43210
42554
41962
41242
40953
40505
40153
39849
39753
39593
39641
39705
39641
39705
39833
40073
40329
40585
40745
40857
40777
40681
40473
40281
39961
39673
39385
38953
38585
38233
37977
37593
37337
37001
36953
36776
36616
36504
36424
36392
36344
36424
36520
36472
36536
36680
36712
36776
36969
37129
37097
37177
37337
37737
37673
37721
37689
37577
37465
37449
37481
37513
37721
37897
38041
38313
38617
39193
39817
40505
41066
41866
42586
43418
44138
44762
45339
45643
45771
45659
45451
45083
44698
44250
43754
43242
42778
42362
41946
41626
41130
40921
40617
40345
40073
39817
39497
39289
39353
39401
39433
39593
39657
39865
40073
40233
40297
40361
40329
40217
40105
39961
39721
39497
39321
39177
39017
38809
38809
38745
38649
38681
38793
38585
38665
38681
38665
38601
38377
38153
37849
37897
37785
37609
37513
37305
37321
37385
37321
37321
37449
37609
37817
38137
38313
38361
38505
38249
38089
38153
38153
38041
37977
38089
38425
39177
39977
40953
41674
42538
43370
44122
44714
45147
45483
45803
45835
45595
45291
44922
44506
43882
43370
42970
42538
42058
41642
41002
40617
40121
39769
39385
38937
38617
38025
37593
37433
37401
37353
37417
37625
37913
38153
38329
38537
38617
38681
38553
38281
38073
37865
37673
37625
37577
37513
37289
37129
37001
36873
36824
36840
36873
36873
36856
36873
36873
37001
37161
37449
37673
37849
37961
38041
38233
38489
38745
38985
38985
38953
39129
39193
39465
39705
39945
40201
40361
40521
40681
40841
40986
41370
41914
42570
43370
44090
44762
45435
46123
46443
46731
46731
46635
46363
46059
45643
45115
44554
43914
43354
42826
42202
41562
40953
40633
40361
40105
39913
39785
39721
39705
39689
39785
39769
39737
39705
39641
39689
39625
39465
39257
39001
38681
38409
38249
38153
38025
37913
37737
37641
37465
37465
37289
37385
37257
37033
36937
36873
36616
36392
36184
35976
35896
35928
35944
35912
35896
35768
35896
35880
35816
35896
36088
36056
36136
36152
36072
36008
36184
36488
36792
37129
37465
37769
37993
38649
39241
39913
40537
41098
41754
42266
42698
43050
43402
43610
43802
43786
43866
43930
43626
43498
43210
43050
42842
42666
42442
42346
42410
42378
42154
41882
41674
41386
41178
41178
41178
41322
41466
41674
42058
42442
43034
43562
43994
44138
44170
44106
43914
43658
43402
43210
42858
42218
41802
41258
40857
40329
39817
39321
38841
38489
38313
38249
38057
37833
37657
37401
37193
37065
36937
37065
36953
36905
36808
36889
36889
37001
37177
37321
37481
37657
37801
37833
37913
38073
38313
38585
38841
39081
39577
40105
40505
40889
41066
41322
41658
41834
41866
41738
41626
41306
40953
40633
40217
39865
39593
39353
39177
39017
38841
38761
38681
38793
38825
39065
39337
39657
39881
40073
40249
40377
40409
40585
40633
40777
40905
40921
40841
40857
40825
40681
40649
40569
40345
40137
40009
40041
40073
40089
40025
39817
39465
39337
39177
38825
38537
38217
37817
37417
37097
36728
36248
35608
35032
34504
34120
33784
33544
33496
33768
34088
34440
34696
34792
34888
34904
34888
34840
34600
34280
33896
33448
32936
32327
31847
31223
30759
30391
30103
29847
29575
29447
29447
29415
29655
29895
30183
30535
31031
31527
32071
33032
33736
34408
35048
35720
36200
36760
37129
37353
37673
37913
38185
38489
38729
39177
39513
39753
40105
40505
40617
40857
40953
40953
41002
41002
40986
40953
40953
41002
41002
41162
41290
41642
41914
42330
42666
42906
43290
43402
43690
43834
44122
44490
44906
45371
45899
46283
46539
46779
46795
46763
46683
46427
46155
45979
45659
45387
45147
44794
44426
44234
43962
43706
43578
43338
43130
43114
42954
42954
43018
42970
42890
42922
42938
43034
43146
43178
43098
42954
42938
42826
42842
42826
42826
42682
42522
42506
42586
42538
42458
42314
42202
42026
41898
41802
41802
41626
41642
41706
41594
41450
41498
41418
41418
41402
41434
41290
41258
41226
41194
41098
40986
40970
41050
40970
41082
41258
41418
41706
42026
42282
42506
42602
42602
42586
42474
42490
42410
42218
42042
41914
41754
41514
41354
41034
40953
40601
40297
40073
39929
39849
39817
39801
39705
39625
39561
39465
39449
39337
39273
39225
39401
39305
39369
39449
39497
39609
39657
39721
39689
39657
39689
39449
39369
39321
39257
39257
39193
39177
39241
39209
39257
39353
39241
39241
39241
39273
39225
39177
39193
39385
39321
39353
39449
39497
39529
39721
39897
39993
40009
40041
40073
40121
40041
39945
39881
39913
40281
40425
40745
40953
41226
41530
41834
41994
41946
41994
42010
42042
41898
41706
41642
41514
41306
41114
40873
40665
40473
40521
40409
40201
40281
40025
39993
39737
39609
39481
39321
39257
39209
39193
39193
39273
39337
39385
39401
39401
39401
39401
39401
39385
39385
39337
39321
39305
39177
39161
39081
39049
38953
39081
39209
39257
39321
39369
39321
39417
39465
39529
39513
39529
39449
39497
39465
39449
39401
39369
39369
39385
39497
39481
39417
39385
39433
39401
39465
39561
39641
39753
39801
40089
40233
40361
40489
40553
40793
40953
41050
41386
41674
41898
42090
42154
42010
41882
41882
41738
41466
41242
40986
40953
40777
40585
40265
40041
39881
39705
39625
39401
39321
39257
39177
39193
39321
39257
39369
39401
39465
39497
39481
39577
39593
39721
39897
39929
39785
39753
39625
39465
39497
39369
39353
39353
39385
39401
39401
39305
39209
39081
39145
39193
39289
39337
39273
39385
39449
39449
39401
39385
39497
39561
39609
39721
39769
39961
39945
39945
40025
40105
40153
40153
40105
40025
39945
39897
39849
39737
39689
39609
39705
39689
39753
39961
39849
40297
40617
40953
41066
41194
41690
41962
41994
42122
42074
42090
42058
41818
41690
41546
41418
41290
41146
41018
40953
40921
40841
40601
40489
40361
40265
40073
39993
39881
39977
39897
39865
39945
40105
40137
40137
40073
39977
39897
39865
39801
39849
39833
39769
39785
39625
39561
39353
39065
38937
38825
38745
38617
38617
38505
38537
38665
38793
38889
38921
38969
39017
39001
38969
39049
39049
38969
39001
38985
38985
38873
38825
38841
39081
39049
39177
39321
39305
39465
39385
39337
39497
39641
39593
39657
39721
39721
39737
39641
39737
39769
39897
40153
40377
40665
40905
41098
41482
41642
41866
41818
41818
41754
41562
41290
41114
40953
40889
40857
40857
40713
40473
40281
40121
40073
39865
39785
39641
39529
39465
39593
39609
39545
39561
39673
39625
39785
39817
39913
40009
40185
40249
40265
40201
40121
39785
39609
39497
39433
39449
39449
39353
39273
39321
39353
39385
39273
39273
39353
39369
39353
39385
39257
39113
39193
39177
39241
39241
39273
39209
39209
39193
39353
39177
39321
39305
39337
39433
39465
39561
39401
39305
39273
39385
39497
39529
39465
39385
39353
39337
39353
39321
39369
39529
39657
39897
40201
40473
40617
40857
40953
41178
41066
40953
40953
40921
40777
40729
40745
40473
40505
40441
40409
40201
40041
39881
39721
39529
39497
39561
39561
39641
39737
39705
39721
39737
39721
39721
39593
39689
39593
39849
39801
39833
39833
39785
39785
39689
39689
39625
39625
39609
39625
39753
39833
39817
39641
39481
39529
39609
39657
39657
39641
39689
39737
39833
39945
40009
40025
40137
40089
39961
39785
39753
39785
39833
39785
39769
39689
39641
39785
39849
39817
39769
39753
39753
39785
39641
39593
39657
39913
40009
40265
40457
40649
40873
40953
41066
41098
40953
40953
40841
40601
40377
40153
40137
40137
40009
39913
39817
39689
39577
39513
39337
39257
39273
39337
39433
39609
39753
39753
39689
39753
39897
39769
40025
40009
40153
40201
40169
40137
40041
39833
39945
39769
39849
39833
39849
39769
39737
39689
39753
39657
39705
39625
39625
39593
39417
39209
39209
39241
39337
39433
39481
39449
39433
39449
39497
39561
39593
39593
39513
39401
39369
39305
39513
39705
39817
39945
40025
40153
40233
40585
40777
40953
41194
41642
41786
41866
41818
41802
41866
41754
41530
41386
41114
40905
40697
40633
40393
40169
39945
39849
39625
39513
39513
39513
39529
39481
39529
39561
39657
39737
39817
39945
39865
39817
39881
39929
39913
40009
39881
39977
39945
39657
39609
39561
39401
39369
39241
39273
39321
39369
39433
39513
39641
39641
39641
39593
39641
39689
39481
39465
39465
39577
39481
39561
39657
39753
39641
39657
39657
39849
39945
40153
40233
40249
40185
40329
40185
40105
40025
40169
40281
40457
40681
40953
41098
41274
41402
41274
41098
41066
41050
40953
40825
40777
40633
40377
40297
40153
40089
40041
39945
39993
39865
39753
39657
39577
39529
39529
39705
39865
39865
40009
40105
40137
40201
40233
40249
40345
40329
40217
40169
39993
39977
39865
39769
39897
39865
39817
39737
39689
39689
39625
39689
39625
39577
39641
39609
39561
39481
39337
39433
39449
39385
39321
39385
39321
39337
39385
39337
39337
39385
39321
39177
39145
39241
39113
39353
39433
39433
39433
39609
39897
40281
40553
40793
40953
41258
41530
41754
41946
42090
41930
41770
41562
41386
41194
41002
40937
40745
40585
40409
40281
40137
40025
39993
39849
39721
39737
39737
39705
39705
39657
39625
39705
39705
39689
39753
39833
39801
39769
39785
39737
39705
39657
39513
39433
39433
39353
39337
39241
39305
39385
39257
39273
39193
39273
39241
39225
39097
39129
39257
39241
39369
39497
39561
39497
39465
39465
39497
39433
39433
39529
39561
39481
39401
39337
39449
39609
39641
39625
39753
39945
40249
40601
40793
40953
41194
41418
41578
41674
41690
41674
41610
41626
41786
42026
42394
43290
44970
47707
51372
56621
58622
58606
58622
58590
58654
58654
58590
58654
58654
58606
58766
58638
58606
58638
58622
58654
58606
58670
58654
58638
58606
58606
58622
58638
58670
58606
58638
58654
58686
58606
58638
58606
58638
58590
58574
58638
58638
58606
58606
58654
58638
58670
58638
58590
58638
58638
58574
58606
58638
58638
58638
58302
57774
57149
56413
55789
55037
54605
53901
53453
52780
52428
51788
51340
50828
50348
49932
49612
49468
48827
48683
48107
47755
47467
47371
46875
46651
46219
46043
45771
45627
45387
45227
44970
44938
44522
44522
44202
44058
44154
43818
43482
43434
43290
43098
43066
43146
43082
42714
42586
42522
42410
42218
42170
42090
42058
42138
41802
41866
41658
41578
41626
41786
41562
41434
41578
41306
41146
41226
41178
41146
41098
41098
40986
40953
40970
40953
40970
40905
40905
40889
40745
40793
40889
40857
40665
40729
40617
40777
40745
40713
40569
40601
40681
40537
40649
40633
40457
40473
40633
40409
40457
40409
40457
40377
40473
40361
40345
40297
40025
39081
37785
35944
33848
